68 0B 0B 68 53 FD 52 16 41 10 66 FF FF FF FF 6b 16
10 7B FD 78 16

68 04 04 68 53 fd 50 05 a5 16
发送和接收依次为：
68 0B 0B 68 53 FD 52 16 41 10 66 FF FF FF FF 6b 16
E5 
10 7B FD 78 16
68 16 41 10 66 A7 32 03 04 DE 00 00 00 09 74 08 09 70 08 0C 06 53 17 00 00 0C 14 33 61 03 00 0B 2D 00 00 00 0B 3B 00 00 00 0A 5B 21 00 0A 5F 17 00 0A 62 36 00 4C 14 00 00 00 00 4C 06 00 00 00 00 0C 78 16 41 10 66 0C 22 02 88 00 00 3C 22 93 48 00 00 7C 22 03 13 00 00 42 6C 01 01 8C 01 06 53 17 00 00 CC 01 06 53 17 00 00 8C 02 06 53 17 00 00 CC 02 06 53 17 00 00 8C 03 06 53 17 00 00 CC 03 06 53 17 00 00 8C 04 06 53 17 00 00 CC 04 06 17 16 00 00 8C 05 06 00 00 00 00 CC 05 06 00 00 00 00 8C 06 06 00 00 00 00 CC 06 06 00 00 00 00 8C 07 06 00 00 00 00 CC 07 06 00 00 00 00 8C 08 06 00 00 00 00 1F 7C 16 

68 0B 0B 68 53 FD 52 16 41 10 66 FF FF FF FF 6b 16
E5 
10 7B FD 78 16
68 16 41 10 66 A7 32 03 04 DF 60 00 00 BC 01 22 92 48 00 00 8C 01 14 32 61 03 00 FC 01 22 35 42 00 00 CC 01 14 32 61 03 00 BC 02 22 15 35 00 00 8C 02 14 32 61 03 00 FC 02 22 71 27 00 00 CC 02 14 32 61 03 00 BC 03 22 27 20 00 00 8C 03 14 32 61 03 00 FC 03 22 07 13 00 00 CC 03 14 32 61 03 00 BC 04 22 63 05 00 00 8C 04 14 32 61 03 00 FC 04 22 00 00 00 00 CC 04 14 44 21 03 00 BC 05 22 19 27 00 00 8C 05 14 00 00 00 00 FC 05 22 47 20 00 00 CC 05 14 00 00 00 00 BC 06 22 03 13 00 00 8C 06 14 00 00 00 00 FC 06 22 59 05 00 00 CC 06 14 00 00 00 00 BC 07 22 00 00 00 00 8C 07 14 00 00 00 00 FC 07 22 00 00 00 00 CC 07 14 00 00 00 00 BC 08 22 00 00 00 00 8C 08 14 00 00 00 00 1F 80 16


68 0B 0B 68 53 FD 52 16 41 10 66 FF FF FF FF 6b 16
E5 
10 7B FD 78 16
68 16 41 10 66 A7 32 03 04 E0 60 00 00 04 6D 33 0B 49 1B 32 6C 00 00 0F 4E 08 7D 71 0C DA 01 00 FF 19 FF 03 FF 20 08 EE 0E 23 08 E8 0E 50 02 DC 00 61 00 FF 80 00 00 FF 00 9D 00 5A 00 79 00 3F 00 9D 00 5A 00 7B 00 3F 03 00 10 03 0C 94 A9 ED 65 FF 10 3F FF 60 00 EA 10 64 2F 16 11 13 13 40 58 22 C5 00 A9 5C 5C 9D 5A 79 3F 9D 5A 7B 3F C3 FF 91 C1 E7 96 FF FF 6C C0 FE 25 89 FF 00 00 00 00 00 00 80 FF 03 10 FF 45 69 10 00 FF 02 02 FF 16 03 E5 16



68 0B 0B 68 53 FD 52 16 41 10 66 FF FF FF FF 6b 16
E5 
10 7B FD 78 16
68 16 41 10 66 A7 32 03 04 E1 60 00 00 09 74 08 09 70 08 0C 06 53 17 00 00 0C 14 33 61 03 00 0B 2D 00 00 00 0B 3B 01 00 00 0A 5B 21 00 0A 5F 17 00 0A 62 40 00 4C 14 00 00 00 00 4C 06 00 00 00 00 0C 78 16 41 10 66 0C 22 02 88 00 00 3C 22 93 48 00 00 7C 22 03 13 00 00 42 6C 01 01 8C 01 06 53 17 00 00 CC 01 06 53 17 00 00 8C 02 06 53 17 00 00 CC 02 06 53 17 00 00 8C 03 06 53 17 00 00 CC 03 06 53 17 00 00 8C 04 06 53 17 00 00 CC 04 06 17 16 00 00 8C 05 06 00 00 00 00 CC 05 06 00 00 00 00 8C 06 06 00 00 00 00 CC 06 06 00 00 00 00 8C 07 06 00 00 00 00 CC 07 06 00 00 00 00 8C 08 06 00 00 00 00 1F EA 16 


68 0B 0B 68 53 FD 52 16 41 10 66 FF FF FF FF 6b 16
E5 
10 7B FD 78 16
68 16 41 10 66 A7 32 03 04 E2 60 00 00 BC 01 22 92 48 00 00 8C 01 14 32 61 03 00 FC 01 22 35 42 00 00 CC 01 14 32 61 03 00 BC 02 22 15 35 00 00 8C 02 14 32 61 03 00 FC 02 22 71 27 00 00 CC 02 14 32 61 03 00 BC 03 22 27 20 00 00 8C 03 14 32 61 03 00 FC 03 22 07 13 00 00 CC 03 14 32 61 03 00 BC 04 22 63 05 00 00 8C 04 14 32 61 03 00 FC 04 22 00 00 00 00 CC 04 14 44 21 03 00 BC 05 22 19 27 00 00 8C 05 14 00 00 00 00 FC 05 22 47 20 00 00 CC 05 14 00 00 00 00 BC 06 22 03 13 00 00 8C 06 14 00 00 00 00 FC 06 22 59 05 00 00 CC 06 14 00 00 00 00 BC 07 22 00 00 00 00 8C 07 14 00 00 00 00 FC 07 22 00 00 00 00 CC 07 14 00 00 00 00 BC 08 22 00 00 00 00 8C 08 14 00 00 00 00 1F 83 16

68 0B 0B 68 53 FD 52 16 41 10 66 FF FF FF FF 6b 16
E5 
10 7B FD 78 16
68 16 41 10 66 A7 32 03 04 E3 60 00 00 04 6D 35 0B 49 1B 32 6C 00 00 0F 4E 08 7D 71 0C DA 01 00 FF 19 FF 03 FF 20 08 EE 0E 23 08 E8 0E 50 02 DC 00 61 00 FF 80 00 00 FF 00 9D 00 5A 00 7B 00 3F 00 9D 00 5A 00 7B 00 3F 03 00 10 03 0C 94 A9 ED 65 FF 10 3F FF 60 00 EA 10 70 2F 16 11 13 13 40 58 22 C5 00 A9 5D 5D 9D 5A 7B 3F 9D 5A 7B 3F C3 FF 91 C1 E7 96 FF FF 6C C0 FE 45 89 FF 00 00 00 00 00 00 80 FF 03 10 FF 10 70 10 00 FF 02 02 FF 16 03 EE 16 

