2400 e 8 1
青岛海纳热量表测量
发送：
68 20 79 33 08 00 00 00 00 01 03 1f 90 00 ef 16
接收：
FE FE FE FE 68 20 79 33 08 00 00 00 00 81 2E 1F 90 00 00 00 00 00 05 00 00 00 00 05 00 00 00 00 17 00 00 00 00 32 34 00 00 00 29 14 26 00 15 26 00 89 59 00 26 26 11 21 06 10 20 00 00 55 16

解析：
FE FE FE FE 68 20 79 33 08 00 00 00 00 81 2E 1F 90 
00       //SER
00 00 00 00 05结算日热量(5字节) 
00 00 00 00 05当前热量(5字节)
00 00 00 00 17 热功率(5字节)
00 00 00 00 32 瞬时流量(5字节)
34 00 00 00 29 累计流量(5字节)
14 26 00 供水温度(3字节)
15 26 00 回水温度(3字节) 
89 59 00 累积工作时间(3字节) 
26 26 11 21 06 10 20 实时时间(7字节)
00 00 55 16









