震宇热量表。
表号：11045926
2400 8 E 1

68 20 26 59 04 11 00 00 00 01 03 90 1f 00 cf 16

FE FE 68 20 26 59 04 11 00 00 00 81 2E 90 1F 00 87 01 00 00 05 87 01 00 00 05 00 00 00 00 17 00 00 00 00 35 07 00 00 00 2C 49 24 00 47 24 00 87 02 00 56 53 10 27 06 11 00 00 00 6B 16 



FE FE 68 20 
26 59 04 11 00 00 00   表号
81 2E 90 1F 00  
87 01 00 00 05  上次抄表热量	
87 01 00 00 05   当前热量
00 00 00 00 17   热功率
00 00 00 00 35   瞬时流量
07 00 00 00 2C   累计流量
49 24 00 	进水温度	
47 24 00 	回水温度	
87 02 00  	工作时间	
56 53 10 27 06 11   	当前时间
00 00 		热量表状态。
00 6B 16 
