tiangang

FE 68 20 15 92 31 10 00 11 11 01 03 1F 90 12 57 16

FE FE FE FE FE FE FE FE FE FE FE 
68 25 15 92 31 10 00 11 11 81 
2E 1F 90 12 

00 00 00 00 05 
45 09 00 00 05 
00 00 00 00 17 
00 00 00 00 35 
29 00 00 00 2C
26 27 00 
87 26 00 
28 46 00 
32 20 10 18 07 11 
20 00 00 1A 16 



haina海纳
68 20 24 71 07 08 00 00 00 01 03 1f 90 00 df 16

FE FE FE FE 
68 20 24 71 07 08 00 00 00 81 2E 1F 90 00 
00 00 00 00 05 
06 00 00 00 05 
00 00 00 00 17 
00 00 00 00 32 
83 10 13 00 29 
55 27 00 
09 28 00 
38 73 00 
23 27 11 18 07 11 
20 00 
00 B5 16 





 合肥瑞纳表计。
RC赵声波热量表。
山东办：辛经理 
13001635646
孙工：0551-5661082
fe fe 68 20 11 23 00 02 00 11 11 01 03 1f 90 00 93 16

FE FE FE FE FE FE FE FE FE FE FE 68 25 11 23 00 02 00 11 11 81 2E 1F 90 00 
00 00 00 00 05 
50 17 00 00 05 
00 00 00 00 17 
00 00 00 00 35 
60 00 00 00 2C 
64 28 00 
45 27 00 
58 64 00 
02 37 15 18 07 11 20 
00 80 
5E 16 




山东联强节能1
QEM型热量表
13793978654 史经理
0546-8222003 技术：张小姐 

fe fe 68 20 50 90 03 06 11 20 00 01 03 90 1f 00 55 16

FE FE FE FE 68 20 50 90 03 06 11 20 00 81 2E 90 1F 00 
00 00 00 00 05 
00 00 00 00 05   00 00 
00 00 00 
00 00 00 00 35 
00 00 00 00 2C 
86 27 
9A 
74 27 
F4 
00 00 00 
43 41 14 18 07 11 20 
00 04 
2D 16 






