//发送
68 20 01 00 00 00 00 00 00 01 03 90 1f 00 3c 16
//接收到     
FE FE FE 68 20 01 00 00 00 00 00 00 81 2E 90 1F 00 05 05 57 03 00 00 05 57 03 00 00 17 00 00 00 00 35 00 00 00 00 2C 20 00 00 00 13 14 00 44 14 00 00 00 00 00 57 13 25 02 08 20 00 00 7A 16
/***************说明******************/

//开始  表类型  电表号                func  len   data          ver      end
   68   20      01 00 00 00 00 00 00   01   03    90 1f 00      3c       16

//接收         地址
FE FE FE 68 20 01 00 00 00 00 00 00 
应答 len  DI0和DI1   ser
81   2E   90 1F      00    
结算日热量	××××××.××	05H	kWh	5
05 
57 03 00 00 
当前热量	××××××.××	05H	kWh	5
05 
57 03 00 00 
热功率	××××××.××	17H	kW	5
17 
00 00 00 00 
流量	××××.××××	35H	m3/h	5
35 
00 00 00 00 
累积流量	××××××.××	2CH	m3	5
2C 
20 00 00 00 
//供水温度	××××.××	无单位代号	oC	3  
13 14 00
回水温度	××××.××	无单位代号	oC	3 
44 14 00 
累积工作 时间	××××.××	无单位代号	h	3
00 00 00 
当前时间	yyyymmddhhmmss	无单位代号		7
00 57 13 25 02 08 20 
状态		无单位代号		1
00 

00 7A 16  



A4 00 AE 15 AE 15 AE 15 AE 15 AE 15 AE 15 AE 15 AE 15 AE 15 AE 15 AE 15 AE 15 AE 15 AE 15 AE 15 B0 02 01 00 00 00 00 00 00 00 00 00 08 00 03 00 08 00 0B 00 08 00 2D 00 65 00 80 00 19 01 00 00 00 00 00 00 00 00 00 00 00 00 00 00 00 00 00 00 00 00 00 00 00 00 00 00 00 00 00 00 00 00 00 00 00 00 00 00 00 