2400 e 8 1
解析时，表正确的那个协议，第17页的表格进行解析。

FD 为第一地址，通用命令。
先发这条命令
兰吉尔，侯工  16:30:44
68 0B 0B 68 53 FD 52 78 56 34 12 FF FF FF FF CS 16(如果地址为12345678）这个CS是从第二个68后面开始的。
兰吉尔，侯工  16:31:55
然后发 10 7B FD 78 16                                                  这个CS是从10后面开始的。



发送：
68 0B 0B 68 53 FD 52 96 32 07 66 FF FF FF FF d3 16
返回：E5

发送：
10 7B FD 78 16
返回：
68 C8 C8 68 08 01 72 96 32 07 66 A7 32 03 04 15 10 00 00 09 74 08 09 70 08 0C 06 00 00 00 00 0C 14 00 00 00 00 0B 2D 00 00 00 0B 3B 00 00 00 0A 5B 29 00 0A 5F 27 00 0A 62 20 00 4C 14 00 00 00 00 4C 06 00 00 00 00 0C 78 96 32 07 66 0C 22 26 63 00 00 3C 22 25 63 00 00 7C 22 04 22 00 00 42 6C 01 01 8C 01 06 00 00 00 00 CC 01 06 00 00 00 00 8C 02 06 00 00 00 00 CC 02 06 00 00 00 00 8C 03 06 00 00 00 00 CC 03 06 00 00 00 00 8C 04 06 00 00 00 00 CC 04 06 00 00 00 00 8C 05 06 00 00 00 00 CC 05 06 00 00 00 00 8C 06 06 00 00 00 00 CC 06 06 00 00 00 00 8C 07 06 00 00 00 00 CC 07 06 00 00 00 00 8C 08 06 00 00 00 00 1F 16 
68 C8 C8 68 08 01 72 96 32 07 66 A7 32 03 04 16 10 00 00 09 74 08 09 70 08 0C 06 00 00 00 00 0C 14 00 00 00 00 0B 2D 00 00 00 0B 3B 00 00 00 0A 5B 29 00 0A 5F 27 00 0A 62 20 00 4C 14 00 00 00 00 4C 06 00 00 00 00 0C 78 96 32 07 66 0C 22 26 63 00 00 3C 22 25 63 00 00 7C 22 04 22 00 00 42 6C 01 01 8C 01 06 00 00 00 00 CC 01 06 00 00 00 00 8C 02 06 00 00 00 00 CC 02 06 00 00 00 00 8C 03 06 00 00 00 00 CC 03 06 00 00 00 00 8C 04 06 00 00 00 00 CC 04 06 00 00 00 00 8C 05 06 00 00 00 00 CC 05 06 00 00 00 00 8C 06 06 00 00 00 00 CC 06 06 00 00 00 00 8C 07 06 00 00 00 00 CC 07 06 00 00 00 00 8C 08 06 00 00 00 00 20 16 
68 C8 C8 68 08 01 72 96 32 07 66 A7 32 03 04 17 10 00 00 09 74 08 09 70 08 0C 06 00 00 00 00 0C 14 00 00 00 00 0B 2D 00 00 00 0B 3B 00 00 00 0A 5B 29 00 0A 5F 27 00 0A 62 20 00 4C 14 00 00 00 00 4C 06 00 00 00 00 0C 78 96 32 07 66 0C 22 26 63 00 00 3C 22 25 63 00 00 7C 22 04 22 00 00 42 6C 01 01 8C 01 06 00 00 00 00 CC 01 06 00 00 00 00 8C 02 06 00 00 00 00 CC 02 06 00 00 00 00 8C 03 06 00 00 00 00 CC 03 06 00 00 00 00 8C 04 06 00 00 00 00 CC 04 06 00 00 00 00 8C 05 06 00 00 00 00 CC 05 06 00 00 00 00 8C 06 06 00 00 00 00 CC 06 06 00 00 00 00 8C 07 06 00 00 00 00 CC 07 06 00 00 00 00 8C 08 06 00 00 00 00 21 16 
68 C8 C8 68 08 01 72 96 32 07 66 A7 32 03 04 18 10 00 00 09 74 08 09 70 08 0C 06 00 00 00 00 0C 14 00 00 00 00 0B 2D 00 00 00 0B 3B 00 00 00 0A 5B 29 00 0A 5F 27 00 0A 62 20 00 4C 14 00 00 00 00 4C 06 00 00 00 00 0C 78 96 32 07 66 0C 22 26 63 00 00 3C 22 25 63 00 00 7C 22 04 22 00 00 42 6C 01 01 8C 01 06 00 00 00 00 CC 01 06 00 00 00 00 8C 02 06 00 00 00 00 CC 02 06 00 00 00 00 8C 03 06 00 00 00 00 CC 03 06 00 00 00 00 8C 04 06 00 00 00 00 CC 04 06 00 00 00 00 8C 05 06 00 00 00 00 CC 05 06 00 00 00 00 8C 06 06 00 00 00 00 CC 06 06 00 00 00 00 8C 07 06 00 00 00 00 CC 07 06 00 00 00 00 8C 08 06 00 00 00 00 22 16 

68 C8 C8 68 08 01 72 96 32 07 66 A7 32 03 04 2A 10 00 00 09 74 08 09 70 08 0C 06 00 00 00 00 0C 14 00 00 00 00 0B 2D 00 00 00 0B 3B 00 00 00 0A 5B 00 00 0A 5F 00 00 0A 62 00 00 4C 14 00 00 00 00 4C 06 00 00 00 00 0C 78 96 32 07 66 0C 22 42 63 00 00 3C 22 41 63 00 00 7C 22 04 22 00 00 42 6C 01 01 8C 01 06 00 00 00 00 CC 01 06 00 00 00 00 8C 02 06 00 00 00 00 CC 02 06 00 00 00 00 8C 03 06 00 00 00 00 CC 03 06 00 00 00 00 8C 04 06 00 00 00 00 CC 04 06 00 00 00 00 8C 05 06 00 00 00 00 CC 05 06 00 00 00 00 8C 06 06 00 00 00 00 CC 06 06 00 00 00 00 8C 07 06 00 00 00 00 CC 07 06 00 00 00 00 8C 08 06 00 00 00 00 FC 16 FC 
68 C8 C8 68 08 01 72 96 32 07 66 A7 32 03 04 2B 10 00 00 09 74 08 09 70 08 0C 06 00 00 00 00 0C 14 00 00 00 00 0B 2D 00 00 00 0B 3B 00 00 00 0A 5B 00 00 0A 5F 00 00 0A 62 00 00 4C 14 00 00 00 00 4C 06 00 00 00 00 0C 78 96 32 07 66 0C 22 42 63 00 00 3C 22 41 63 00 00 7C 22 04 22 00 00 42 6C 01 01 8C 01 06 00 00 00 00 CC 01 06 00 00 00 00 8C 02 06 00 00 00 00 CC 02 06 00 00 00 00 8C 03 06 00 00 00 00 CC 03 06 00 00 00 00 8C 04 06 00 00 00 00 CC 04 06 00 00 00 00 8C 05 06 00 00 00 00 CC 05 06 00 00 00 00 8C 06 06 00 00 00 00 CC 06 06 00 00 00 00 8C 07 06 00 00 00 00 CC 07 06 00 00 00 00 8C 08 06 00 00 00 00 FD 16 FD 

1、
74h VIF: updating time in seconds  
02h 2 seconds 
我的返回的8 不知道这是代表什么意思？
答：这个是数据更新时间
2、
0Ch DIF: 8-digit BCD, no DIFE, current value 6.26 
14h VIF: Volume (m *1/100)  
78h 56h 34h 12h 12345.678 
这地方应该除100还是除1000？
体积
如果VIF是14，则为10的（4-6=-2）次方，即为0.01立方米
如果VIF是15，则为10的（5-6=-1）次方，即为0.1立方米
如果VIF是16，则为10的（6-6=0）次方，     1立方米
3、
0Bh DIF: 6-digit BCD, no DIFE, current value 6.27 
3Bh VIF: Flowrate (l/h)  
56h 34h 12h 123.456 m /h 
这里面，我返回的数据是0B 3B 00 00 00 0A 并且显示屏显示为：――――――― 不可用吗？

4、点击按键时，温度也是显示――――――――
   温度后面功率：KWH 显示为：8888888 
供水温度：如果VIF是5B，则分辨力为1℃；如果VIF是5A，则分辨力是0.1℃；如果VIF是59，则分辨力是0.01℃；
回水温度：如果VIF是5F，则分辨力是1℃；如果VIF是5E，则分辨力是0.1℃；如果VIF是5D，则分辨力是0.01℃；

月数据解析：
8Ch 01h后面是上个月的
兰吉尔，侯工  17:23:03
CC 01 后面是上上个月的
兰吉尔，侯工  17:23:08
就这样以此类推
兰吉尔，侯工  17:23:14
一共15个月的
