表是老程序，但里面放的MBUS模块是新的。通信时使用超级命令。
在不知道表号的情况下
接口：MBUS 红黑 黄色无用。
通信数据与给的协议对应不起来。

流速单位：立方米/时
累计热量的压缩BCD无小数点
均是从高到低

发送：
68 20 00 00 00 00 00 01 00 21 03 81 0a 00 38 16
返回：
FE FE FE 68 20 01 00 00 00 00 00 00 83 23 81 0A 00 00 00 00 00 00 09 02 00 00 00 00 00 08 06 08 07 00 00 00 00 09 03 04 06 00 00 00 00 09 06 04 05 00 16 FC FC FC 

表号应该是：1

调试说明
发送：
68 20 01 00 00 00 00 00 00 01 03 90 1f 00 3c 16

返回：
FE FE FE 68 20 01 00 00 00 00 00 00 81 1C 90 1F 00 00 14 55 00 15 20 00 00 00 00 2C 00 00 00 05 2C 00 00 00 00 05 00 07 67 43 16 16 16 FC FC FC 
解析：
FE FE FE 68 
20 
01 00 00 00 00 00 00 
81 1C 90 1F 00 
00 14 55    进水温度：14.55
00 15 20    出水温度：15.20
00 00 00 00 流速：00000.000
2C          流速单位
00 00 00 05            累积流量  表上实际值为：0.05 M3
2C          累积流量 单位   
00 00 00 00 累计热量
05          累计热量 单位
00 07 67    	为时间的压缩BCD码 表上显示工作时间为：767H
43 16 16 16 FC FC FC 